105
-10.00 -0.009306985601309395
-9.8000000 -0.0110370863509805
-9.7000000 -0.012017080544986309
-9.6000000 -0.013082482740573317
-9.4000000 -0.015499180922690595
-9.1000000 -0.019966963216117392
-8.8000000 -0.025690945319273014
-8.6000000 -0.030370091723403818
-8.3000000 -0.03898980500496657
-8.1000000 -0.04601956872413692
-7.8000000 -0.05893627937645244
-7.7000000 -0.06397995267007546
-7.6000000 -0.069442640904219
-7.4000000 -0.08176116932869147
-7.2000000 -0.0961901155512512
-7.0000000 -0.11307336372875985
-6.8000000 -0.13280654862901414
-6.7000000 -0.143881292303503
-6.5000000 -0.16876104941173226
-6.2000000 -0.21398316629102193
-6.1000000 -0.23148637732812924
-6.0000000 -0.2503539698433017
-5.8000000 -0.29258289059311815
-5.6000000 -0.3415346928543629
-5.4000000 -0.3981817759007321
-5.1000000 -0.4999941858379365
-5.0000000 -0.5390357599268363
-4.9000000 -0.5809079453628065
-4.8000000 -0.6257899656074813
-4.5000000 -0.78040700681152
-4.4000000 -0.8392789557737562
-4.3000000 -0.9021734887212371
-4.2000000 -0.9693140856756758
-4.0000000 -1.1172539722127814
-3.8000000 -1.284977135418148
-3.5000000 -1.5778132838161367
-3.2000000 -1.925606515938014
-2.9000000 -2.333534762592224
-2.8000000 -2.483482957613895
-2.6000000 -2.80457031337324
-2.4000000 -3.1533560563399705
-2.3000000 -3.3376169075321283
-2.2000000 -3.527972562256703
-1.9000000 -4.1295895767369455
-1.7000000 -4.546992913672557
-1.5000000 -4.964646063302555
-1.2000000 -5.554021267661001
-1.1000000 -5.728711350443943
-0.8000000 -6.128847070558899
-0.6000000 -6.234500186028139
-0.5000000 -6.216939262054495
-0.3000000 -5.993219405315105
-0.2000000 -5.763864501669003
0.1000000 -4.4317353814833735
0.4000000 -1.7305166492639223
0.6000000 1.1661560322498556
0.9000000 7.8461339245905535
1.1000000 14.389955254703262
1.4000000 28.548607766586272
1.6000000 41.80359366189446
1.8000000 59.04455925266994
2.0000000 81.27961708823663
2.3000000 126.77185900069433
2.4000000 145.94685527969395
2.7000000 218.88085367287815
2.9000000 283.3349263096158
3.1000000 363.8244215028267
3.3000000 463.8972519324544
3.5000000 587.7992722667861
3.7000000 740.590142832831
3.8000000 829.65398419566
4.0000000 1037.3648506297372
4.1000000 1157.9301189933726
4.4000000 1599.6950605799686
4.7000000 2189.048203521771
4.8000000 2425.347933673939
4.9000000 2684.452695901849
5.1000000 3278.7979269250227
5.2000000 3618.193947828002
5.3000000 3988.7058865980853
5.5000000 4832.665662218333
5.8000000 6394.599479850774
6.0000000 7665.147076361936
6.1000000 8377.667499850455
6.2000000 9145.422202690797
6.3000000 9971.11167440571
6.4000000 10857.284483212308
6.7000000 13900.263668616595
7.0000000 17546.13053485526
7.2000000 20305.770388219295
7.3000000 21775.211934768573
7.6000000 26456.11365117841
7.8000000 29677.72004791383
8.0000000 32790.537857458934
8.1000000 34229.52330219901
8.4000000 37533.243350586716
8.6000000 38238.883523195356
8.7000000 37878.37609091709
9.0000000 32412.335710301708
9.2000000 23357.224578636058
9.4000000 7736.563667339512
9.6000000 -17127.14661606841
9.8000000 -54822.5845805968
9.9000000 -79920.78545730117
10.0000000 -110132.32897403072
