1000
0 3
0.002 3.008020002
0.004 3.016080019
0.005 3.020125038
0.006 3.024180065
0.008 3.032320154
0.009 3.036405219
0.059 3.253466614
0.109 3.495793509
0.11 3.5008993
0.112 3.511141478
0.114 3.521424463
0.116 3.531748269
0.117 3.536925484
0.167 3.808842239
0.168 3.81454249
0.17 3.8259739
0.171 3.831705063
0.173 3.843198315
0.223 4.14397187
0.273 4.470748925
0.323 4.82375448
0.373 5.203213535
0.375 5.218945312
0.425 5.626154687
0.426 5.634572633
0.427 5.643001345
0.477 6.0782044
0.479 6.096175672
0.481 6.114190392
0.483 6.132248576
0.485 6.150350237
0.535 6.617064113
0.537 6.636301246
0.587 7.131523601
0.637 7.654387456
0.638 7.665128222
0.64 7.6866432
0.641 7.697417416
0.642 7.708202786
0.692 8.261732166
0.694 8.284456615
0.744 8.867229235
0.746 8.891128281
0.796 9.503387501
0.846 10.14422872
0.848 10.17046006
0.898 10.84126524
0.899 10.85497681
0.901 10.88243481
0.902 10.89618124
0.904 10.92370898
0.906 10.95128322
0.907 10.96508779
0.957 11.67018525
1.007 12.4045892
1.008 12.41957775
1.01 12.4495903
1.06 13.2153048
1.061 13.23092199
1.062 13.2465511
1.063 13.26219211
1.065 13.29350989
1.067 13.32487533
1.117 14.12454558
1.167 14.95424234
1.168 14.97114409
1.169 14.98805794
1.171 15.02192196
1.172 15.03887213
1.173 15.05583442
1.175 15.08979531
1.225 15.95460469
1.227 15.98983022
1.277 16.88637728
1.278 16.90462109
1.28 16.9411456
1.33 17.8702911
1.38 18.8304216
1.43 19.8217621
1.432 19.86206807
1.482 0.8861056504
1.484 0.9277243712
1.534 1.984702391
1.535 2.006166612
1.585 3.095687987
1.587 3.139935701
1.588 3.162078842
1.59 3.2064037
1.592 3.250780006
1.593 3.272987457
1.643 4.399803412
1.693 5.559012867
1.695 5.606058212
1.696 5.629600461
1.698 5.676724118
1.699 5.70030553
1.701 5.74750753
1.751 6.944575325
1.801 8.17452262
1.803 8.224407588
1.853 9.488788243
1.855 9.540055412
1.856 9.565709005
1.906 10.86543562
1.956 12.19873924
2.006 13.56584486
2.056 14.96697748
2.058 15.02373373
2.06 15.0805448
2.11 16.5186793
2.112 16.57692068
2.114 16.63521726
2.116 16.69356907
2.117 16.72276568
2.167 18.20024244
2.217 19.71247069
2.219 19.77368584
2.269 1.322294333
2.319 2.906113328
2.369 4.525367823
2.37 4.5581159
2.42 6.2137464
2.422 6.280716634
2.472 7.973677414
2.474 8.042145727
2.476 8.110671853
2.526 9.842656273
2.527 9.877666155
2.529 9.947729567
2.53 9.9827831
2.532 10.05293383
2.533 10.08803103
2.583 11.86149179
2.584 11.89733381
2.585 11.93319049
2.586 11.96906182
2.636 13.78135064
2.638 13.85460742
2.639 13.89125794
2.689 15.74262763
2.69 15.7800327
2.692 15.85488737
2.742 17.74559075
2.792 19.67363313
2.794 19.75153466
2.796 19.8294963
2.797 19.86849967
2.799 19.94655152
2.801 0.0246635203
2.851 1.997055315
2.853 2.076736343
2.854 2.116599559
2.856 2.196371405
2.857 2.236280038
2.907 4.251055993
2.909 4.332437629
2.959 6.386823024
2.961 6.469793904
3.011 8.564032099
3.013 8.648601959
3.014 8.690910023
3.016 8.775572429
3.066 10.91222745
3.068 10.99849913
3.07 11.0848329
3.12 13.2633984
3.121 13.30736717
3.171 15.52575576
3.173 15.61530662
3.175 15.70492031
3.176 15.74975073
3.178 15.83945873
3.18 15.9292296
3.181 15.97413862
3.231 18.23967762
3.281 0.5447561123
3.331 2.889599107
3.381 5.274431602
3.431 7.699478597
3.432 7.74839127
3.433 7.797320121
3.483 10.26442888
3.485 10.36395774
3.486 10.41374658
3.536 12.9239764
3.538 13.02523506
3.588 15.57801804
3.59 15.6809837
3.591 15.73249122
3.593 15.83555566
3.595 15.93868596
3.596 15.99027582
3.646 18.59080904
3.647 18.64324131
3.649 18.74815553
3.699 1.39258733
3.749 4.078664625
3.751 4.186977125
3.752 4.241158502
3.753 4.295356633
3.755 4.403803162
3.757 4.512316728
3.759 4.620897344
3.809 7.357246239
3.811 7.467575219
3.813 7.577971639
3.814 7.633195143
3.816 7.743692749
3.817 7.798966854
3.867 10.58421961
3.869 10.69651017
3.87 10.7526809
3.92 13.5828864
3.922 13.69698003
3.923 13.75405244
3.925 13.86824844
3.975 16.74537031
3.976 16.80334945
4.026 19.72421887
4.076 2.688205293
4.077 2.74792636
4.127 5.756123915
4.128 5.816731546
4.13 5.9379991
4.132 6.05933639
4.182 9.11547497
4.232 12.21543255
4.282 15.35943413
4.332 18.54770471
4.334 18.67615951
4.336 18.80468552
4.338 18.93328274
4.34 19.0619512
4.342 19.19069091
4.343 19.25508748
4.344 19.31950188
4.394 2.562978495
4.444 5.851228115
4.445 5.917451337
4.446 5.983692561
4.448 6.116229018
4.45 6.2488375
4.451 6.315168755
4.453 6.447885303
4.455 6.580673912
4.457 6.713534598
4.507 10.05851855
4.508 10.12587935
4.509 10.19325827
4.559 13.58533966
4.561 13.72196814
4.611 17.16139034
4.613 17.29991732
4.663 0.7869236741
4.713 4.319913529
4.715 4.462192762
4.716 4.533360109
4.718 4.67575027
4.72 4.8182144
4.722 4.960752514
4.723 5.03204932
4.773 8.620516375
4.823 12.25546193
4.873 15.93711099
4.875 16.08535156
4.925 19.81581094
4.927 19.96600879
4.977 3.74552185
4.978 3.821594806
4.98 3.9737976
4.982 4.12607625
5.032 7.95773783
5.033 8.034856281
5.035 8.189150362
5.037 8.343520696
5.039 8.497967296
5.041 8.652490176
5.043 8.807089352
5.093 12.69690681
5.094 12.77519118
5.096 12.93181742
5.146 16.87243564
5.196 0.8612108608
5.246 4.898368081
5.296 8.984132301
5.297 9.066344922
5.298 9.148577078
5.299 9.23082877
5.301 9.39539077
5.302 9.477701082
5.303 9.560030938
5.304 9.642380339
5.354 13.78481056
5.404 17.97633378
5.405 18.06066654
5.407 18.22939124
5.409 18.39819488
5.459 2.643980274
5.461 2.814841154
5.463 2.985781354
5.465 3.156800887
5.515 7.458114762
5.516 7.544648429
5.566 11.89677845
5.568 12.07190313
5.569 12.1594955
5.571 12.33474032
5.572 12.42239277
5.573 12.51006526
5.575 12.68547031
5.576 12.77320289
5.626 17.18541631
5.627 17.27417306
5.677 1.73771212
5.679 1.917303552
5.729 6.433415647
5.73 6.5242551
5.731 6.615114867
5.732 6.70599495
5.733 6.796895351
5.734 6.887816071
5.735 6.978757112
5.785 11.55175849
5.786 11.6437383
5.787 11.73573852
5.789 11.91980022
5.839 16.54792642
5.84 16.6410112
5.842 16.82724231
5.843 16.92038863
5.845 17.10674284
5.846 17.19995072
5.848 17.38642806
5.898 2.075083238
5.948 6.815279418
5.949 6.910610605
5.951 7.101335105
5.952 7.196728422
5.954 7.387577199
5.956 7.578508845
5.958 7.769523374
5.959 7.865061724
6.009 12.66844262
6.01 12.7650403
6.06 17.6215048
6.062 17.8168491
6.064 18.01227704
6.066 18.20778865
6.068 18.40338393
6.118 3.32050251
6.119 3.419379948
6.12 3.5182784
6.17 8.4900339
6.171 8.590006463
6.172 8.690000134
6.173 8.790014915
6.223 13.81770847
6.225 14.01991719
6.226 14.12105335
6.227 14.22221072
6.277 19.30715778
6.279 19.51166169
6.28 19.6139456
6.282 19.81857733
6.284 0.0232942912
6.286 0.2280964968
6.336 5.375898317
6.386 10.57721214
6.436 15.83226296
6.438 16.0435859
6.488 1.354761882
6.49 1.5683347
6.492 1.781994246
6.542 7.151711626
6.543 7.259660502
6.593 12.68490796
6.594 12.79396978
6.596 13.01215902
6.598 13.23043576
6.6 13.4488
6.601 13.55801494
6.603 13.77651047
6.653 19.26738712
6.655 19.48816341
6.657 19.70902762
6.658 19.81949269
6.66 0.0404888
6.661 0.1510198343
6.663 0.3721478741
6.713 5.928977729
6.763 11.54101608
6.765 11.76664914
6.815 17.43634301
6.817 17.66428715
6.818 17.77829263
6.82 18.0063704
6.822 18.23453727
6.823 18.34865413
6.873 4.082943185
6.875 4.313476562
6.876 4.428776813
6.878 4.659444446
6.88 4.8902016
6.881 5.005613752
6.883 5.236505216
6.885 5.467486237
6.935 11.27116011
6.937 11.50447469
6.939 11.73787921
6.94 11.8546152
6.942 12.08815467
6.943 12.20495814
6.945 12.43863259
6.995 18.30978246
6.996 18.42778078
6.997 18.54580169
6.998 18.6638452
7 18.9
7.002 19.1362452
7.052 5.071797382
7.053 5.191086363
7.103 11.18450952
7.153 17.23489617
7.155 17.47809966
7.205 3.587967037
7.207 3.833554623
7.209 4.079234099
7.21 4.2021083
7.212 4.447925638
7.214 4.693834903
7.216 4.939836109
7.217 5.062871194
7.219 5.309010338
7.221 5.555241458
7.271 11.74095405
7.273 11.98958163
7.275 12.23830156
7.276 12.36269617
7.277 12.48711388
7.279 12.73601859
7.28 12.8605056
7.282 13.10954893
7.284 13.35868469
7.286 13.6079129
7.287 13.73256167
7.288 13.85723356
7.29 14.1066467
7.292 14.35615233
7.293 14.48093983
7.343 0.7498397821
7.345 1.001801587
7.346 1.127817321
7.348 1.379918458
7.349 1.506003865
7.351 1.758244365
7.352 1.884399462
7.353 2.010577793
7.355 2.263004162
7.356 2.389252205
7.406 8.731323825
7.407 8.858759443
7.409 9.113700679
7.41 9.2412063
7.46 15.6462808
7.462 15.90370054
7.463 16.03244555
7.464 16.161214
7.514 2.629553823
7.515 2.759519762
7.565 9.287851137
7.566 9.419019249
7.568 9.68142633
7.569 9.812665303
7.571 10.07521412
7.621 16.66968822
7.623 16.93469901
7.624 17.06723999
7.674 3.724573407
7.724 10.44143983
7.774 17.21806425
7.775 17.35420781
7.776 17.49037537
7.826 4.329386793
7.827 4.466780485
7.877 11.36721554
7.879 11.64448873
7.929 18.60779283
7.93 18.7476771
7.931 18.88758565
7.933 19.16747557
7.934 19.30745695
7.936 19.58749256
7.938 19.8676253
7.939 0.007728105696
7.989 7.043875801
7.991 7.326587981
7.993 7.609397697
7.994 7.750839135
7.995 7.892304962
7.997 8.175309792
7.998 8.316848798
7.999 8.4584122
8 8.6
8.001 8.7416122
8.003 9.024909808
8.004 9.166595219
8.005 9.308305037
8.055 16.42495491
8.105 3.602852287
8.107 3.891245313
8.157 11.13307877
8.158 11.27854409
8.208 18.58332047
8.21 18.8767983
8.212 19.17037524
8.213 19.31720088
8.215 19.61092651
8.216 19.75782651
8.218 0.0517008696
8.22 0.3456744
8.27 7.7272849
8.271 7.875550953
8.272 8.023841894
8.273 8.172157725
8.274 8.320498447
8.276 8.617254573
8.278 8.914110286
8.328 16.36791107
8.378 3.884187846
8.379 4.035152182
8.381 4.337156102
8.382 4.48819569
8.383 4.639260366
8.385 4.941464987
8.435 12.52923886
8.437 12.83405784
8.439 13.13897756
8.44 13.2914752
8.441 13.44399804
8.443 13.74911929
8.493 1.409944747
8.543 9.133988702
8.593 16.92147616
8.643 4.772632112
8.644 4.930306195
8.694 12.84663582
8.695 13.00561571
8.745 0.9873530875
8.746 1.147643481
8.747 1.307959617
8.797 9.356628272
8.798 9.518259678
8.799 9.67991692
8.8 9.8416
8.85 17.9587375
8.852 18.28476986
8.902 6.469330042
8.952 14.71894922
9.002 3.033852402
9.003 3.200817908
9.053 11.58254256
9.103 0.0300057181
9.104 0.1996270592
9.154 8.714375279
9.156 9.056340525
9.158 9.398411694
9.159 9.569487004
9.161 9.911717084
9.211 18.50194328
9.261 7.158618974
9.263 7.506271334
9.265 7.854030387
9.315 16.58272426
9.365 5.378335637
9.366 5.554931969
9.368 5.90820521
9.369 6.084882123
9.37 6.2615859
9.42 15.1310664
9.422 15.48724583
9.424 15.84353311
9.474 4.785804527
9.476 5.144900653
9.477 5.3244893
9.527 14.33845885
9.528 14.51942979
9.529 14.70042787
9.531 15.06250549
9.533 15.42469173
9.535 15.78698661
9.585 4.879707987
9.587 5.244832501
9.589 5.610066041
9.59 5.7927237
9.592 6.158120806
9.642 15.32853119
9.643 15.51263621
9.645 15.88092834
9.695 5.123838213
9.697 5.494980562
9.747 14.80926772
9.748 14.9962551
9.749 15.18327002
9.799 4.56917782
9.849 14.02418111
9.851 14.40382162
9.853 14.78357304
9.855 15.16343541
9.905 4.696092788
9.907 5.078844693
9.908 5.270262394
9.909 5.461707929
9.959 15.06951332
9.96 15.2623808
9.961 15.4552762
10.011 5.135694399
10.012 5.330016518
10.014 5.718744823
10.016 6.107585229
10.018 6.49653775
10.068 16.25683033
10.069 16.45275255
10.119 6.284759548
10.12 6.4821184
10.122 6.876920754
10.172 16.78370253
10.174 17.18144441
10.224 7.161835827
10.225 7.362167188
10.275 17.41498906
10.276 17.61677137
10.326 7.742257793
10.328 8.148762266
10.33 8.5553811
10.332 8.96211431
10.333 9.165523811
10.383 19.37250057
10.385 19.78226999
10.435 10.06384386
10.437 10.47660204
10.487 0.8330163909
10.488 1.040880282
10.49 1.4566947
10.491 1.664645231
10.493 2.080632947
10.495 2.496736213
10.497 2.912955042
10.498 3.121107798
10.548 13.56562598
10.549 13.77525474
10.551 14.19459925
10.553 14.61405971
10.555 15.03363616
10.557 15.45332861
10.607 5.983380563
10.608 6.194722714
10.61 6.6174943
10.611 6.828923739
10.661 17.43753543
10.711 8.119121629
10.712 8.333499238
10.713 8.547906129
10.763 19.30562448
10.813 10.13677634
10.863 1.041586694
10.864 1.260435763
10.914 12.24060958
10.916 12.68135659
10.918 13.12222219
10.92 13.5632064
10.922 14.00430923
10.972 5.070475014
10.973 5.292556195
10.974 5.514667127
11.024 16.65818655
11.025 16.88181719
11.075 8.101439063
11.076 8.326594093
11.126 19.62255251
11.176 10.99357793
11.178 11.44998353
11.228 2.899317306
11.229 3.129073597
11.23 3.3588601
11.232 3.81852375
11.282 15.34943533
11.284 15.81224629
11.285 16.04369724
11.335 7.654931113
11.337 8.120959926
11.387 19.81124628
11.389 0.2804420607
11.39 0.5150857
11.391 0.7497598413
11.393 1.219199637
11.394 1.453965295
11.444 13.23118492
11.494 5.084902535
11.495 5.322758713
11.545 17.25473609
11.595 9.263665963
11.596 9.504631021
11.597 9.745626952
11.598 9.986653758
11.599 10.22771144
11.649 2.320002735
11.699 14.48971453
11.7 14.7339
11.702 15.22236412
11.752 7.474387302
11.802 19.80429448
11.804 0.2991139392
11.806 0.7940583848
11.807 1.041577483
11.857 13.45741694
11.859 13.95567883
11.86 14.2048568
11.861 14.45406611
11.911 6.954540309
11.961 19.533614
11.963 0.03841500411
12.013 12.69947086
12.015 13.20755601
12.065 5.950837388
12.066 6.206511049
12.068 6.71795353
12.118 19.54529211
12.119 19.80264935
12.169 12.71111184
12.171 13.22910786
12.172 13.48815373
12.222 6.481169514
12.272 19.55418429
12.273 19.81646213
12.275 0.3411140625
12.325 13.49917344
12.375 6.737695313
12.376 7.003288013
12.377 7.26891299
12.379 7.800259782
12.381 8.331735702
12.383 8.863340766
12.385 9.395074988
12.387 9.926938381
12.389 10.45893096
12.439 3.800773156
12.441 4.336129636
12.442 4.603856466
12.444 5.139407315
12.446 5.675087761
12.448 6.210897818
12.45 6.7468375
12.5 0.1875
12.55 13.7094125
12.551 13.98068105
12.553 14.52331591
12.554 14.79468224
12.604 8.404597459
12.605 8.677628538
12.655 2.370898413
12.705 16.14611579
12.706 16.42245754
12.708 16.97523967
12.709 17.25168005
12.71 17.5281533
12.76 11.3937728
12.81 5.3418123
12.86 19.3724968
12.862 19.93544638
12.864 0.4985285632
12.866 1.061743369
12.868 1.62509081
12.87 2.1885709
12.92 16.3187264
12.921 16.60217679
12.971 10.81713738
13.021 5.115467478
13.071 19.49739207
13.121 13.96313617
13.122 14.25330755
13.124 14.83375119
13.174 9.388589607
13.224 4.027711027
13.225 4.321354688
13.226 4.615032153
13.228 5.202488506
13.23 5.7900801
13.232 6.37780695
13.234 6.965669071
13.284 1.706227091
13.286 2.297611297
13.288 2.889131162
13.289 3.184941971
13.339 18.01876817
13.341 18.61388825
13.391 13.53614564
13.392 13.83545969
13.442 8.844684066
13.443 9.145739792
13.444 9.446829715
13.494 4.544967335
13.496 5.150674381
13.498 5.756518598
13.548 0.9472467776
13.55 1.5566625
13.6 16.8368
13.601 17.14328124
13.651 12.51134504
13.652 12.81958714
13.653 13.12786382
13.703 8.585818978
13.705 9.205938288
13.706 9.516049945
13.707 9.826196273
13.757 5.377757728
13.807 1.016225683
13.809 1.643575239
13.811 2.271064219
13.812 2.584860998
13.813 2.898692639
13.863 18.63476299
13.865 19.26602189
13.866 19.58170377
13.867 19.89742061
13.869 0.5289591727
13.871 1.160637593
13.921 16.99809369
13.923 17.63341344
13.925 18.26887344
13.975 14.20099531
13.977 14.84010675
13.979 15.47935882
14.029 11.50640892
14.03 11.8278481
14.032 12.47083223
14.034 13.11395739
14.035 13.43557286
14.085 9.561344238
14.086 9.884760417
14.136 6.100684237
14.137 6.425905806
14.138 6.751162822
14.139 7.076455286
14.189 3.386314981
14.191 4.040555961
14.192 4.367729766
14.242 0.7717781464
14.244 1.429791635
14.245 1.758851838
14.295 18.25734171
14.345 14.84515909
14.346 15.17782812
14.348 15.84327366
14.349 16.17605016
14.35 16.5088625
14.352 17.17459466
14.402 13.86451984
14.452 10.64425402
14.454 11.3173146
14.504 8.190688819
14.554 5.154331039
14.555 5.494526163
14.605 2.550473538
14.606 2.892517105
14.607 3.234596963
14.657 0.3849004179
14.658 0.7288334936
14.659 1.072802954
14.709 18.31770585
14.759 15.65379924
14.761 16.34914292
14.811 13.78031312
14.812 14.1298706
14.814 14.82909554
14.864 12.35742136
14.914 9.977635183
14.915 10.33097826
14.917 11.03777496
14.919 11.74471907
14.969 9.466269563
14.97 9.8216419
15.02 7.6374024
15.022 8.351957194
15.023 8.70929015
15.024 9.066660147
15.025 9.424067188
15.026 9.781511273
15.028 10.49651059
15.078 8.419696366
15.079 8.779106412
15.081 9.498037932
15.083 10.21711804
15.085 10.93634674
15.135 8.965400613
15.137 9.688497906
15.138 10.05010242
15.188 8.177857402
15.19 8.9049077
15.191 9.268488861
15.241 7.495197756
15.242 7.860685746
15.292 6.182853126
15.293 6.550252627
15.343 4.968112582
15.345 5.706781588
15.395 4.222451463
15.397 4.965037732
15.399 5.70777486
15.449 4.325274155
15.45 4.6985875
15.452 5.445327622
15.502 4.163025802
15.552 2.975482982
15.554 3.729955439
15.555 4.107248663
15.605 3.020396038
15.655 2.028765913
15.656 2.409906125
15.658 3.172301094
15.66 3.9348488
15.71 3.0482233
15.712 3.814747238
15.714 4.581424303
15.764 3.798159123
15.766 4.568822529
15.767 4.954211799
15.769 5.725105483
15.771 6.496152703
15.821 5.822274798
15.871 5.244591393
15.872 5.634020454
15.873 6.023488085
15.875 6.802539063
15.876 7.192122413
15.926 6.720512833
15.976 6.345570253
15.977 6.73905895
16.027 6.462948505
16.028 6.858416186
16.078 6.681371966
16.128 6.601678746
16.13 7.4005191
16.18 7.4223096
16.23 7.5419101
16.28 7.7595456
16.33 8.0754411
16.38 8.4898216
16.43 9.0029121
16.432 9.82549207
16.434 10.64823035
16.436 11.47112696
16.437 11.88263464
16.439 12.70576876
16.44 13.1173952
16.441 13.52906124
16.491 14.16288263
16.492 14.57657025
16.493 14.99029755
16.494 15.40406454
16.495 15.81787121
16.496 16.23171758
16.498 17.0595294
16.499 17.47349485
16.501 18.30154485
16.551 19.05444465
16.553 19.88662831
16.554 0.3027798392
16.604 1.161135059
16.605 1.579318538
16.655 2.539388413
16.656 2.959608525
16.706 4.021627145
16.708 4.866190074
16.709 5.288531649
16.71 5.7109133
16.76 6.8811328
16.761 7.305560724
16.763 8.154537084
16.764 8.579085523
16.814 9.857768343
16.815 10.28436801
16.816 10.71100795
16.818 11.56440863
16.868 12.95181721
16.87 13.8094109
16.871 14.23826829
16.873 15.09610419
16.923 16.59452174
16.925 17.45656094
16.927 18.31876199
16.928 18.74992323
16.93 19.6123671
16.98 1.2261176
17.03 2.9412781
17.08 4.7580736
17.081 5.195447732
17.131 7.116142727
17.133 7.995092491
17.183 10.02196525
